Synchronous: 3.3129208087921143s
Threading: 3.3300039768218994s
Multiprocessing: 0.6804530620574951s
